    3   165
        0.0000000000         0.2370993520         0.0000000000
       -0.8046559147         0.1807882540         0.0000000000
       -0.8906044296         0.0000000000        -0.6046033380
       -0.1704151619         0.0000000000        -0.2104256751
        0.0000000000        -0.1985707025         0.0000000000
        0.0000000000         0.0000000000         0.1807882582
        0.2074619267        -0.0000000021        -0.2400630920
        0.0000000000         0.7468629509         0.0000000000
        0.9143143644         0.6297951470         0.2400630920
        0.0000000000         0.0000000000         0.0000000000
        0.0000000000        -0.7498266888        -0.9157962365
        0.0000000000         0.0000000021        -0.1778245140
        0.0000000000         0.8728219791         0.0000000000
        0.6090489543         0.1793063840         0.2074619267
        0.0000000000         0.0000000000        -0.4149238577
        0.0000000000        -0.9128324944        -0.6312770170
        0.0000000000         1.8315924730         0.0000000000
       -0.5853390154        -0.2000525767         0.0000000000
        0.0000000000         0.4001051471         0.0000000000
       -0.0266736811         0.0000000000         0.0118549684
        0.0000000000         0.0000000000         0.0000000000
        0.0296374211        -0.0118549684         0.0000000000
        0.0000000000         0.0000000000         0.0000000000
       -0.2400630920         0.0000000000        -0.0326011569
        0.0000000000         0.0000000000         0.2074619267
        0.0000000000         0.0000000000         0.0000000000
       -0.0029637400        -0.0059274842         0.0000000000
        0.2400630920        -0.1778245140         0.0000000000
        0.0029637400         0.0000000000         0.0563110938
        0.0000000000        -0.0207461948        -0.0266736790
       -0.0296374211         0.0000000000         0.0000000000
       -0.1807882582         0.0000000000         0.0000000000
        0.0044456142         0.0000000000         0.7498266888
        0.0000000000         0.0414923853         0.0237099348
        0.0000000000        -0.9128324944         0.5853390154
        0.0266736811         0.0000000000         0.0000000000
        0.2104256751         0.0000000000         0.0000000000
       -0.2370993520         0.0000000000        -0.0563110938
        0.0163005827         0.0000000000        -0.7468629509
        0.8728219791         0.0000000000         0.8046559147
       -0.0059274842         0.0000000000         0.0163005827
        0.0000000000        -0.0044456142        -0.0103730963
       -0.0118549684         0.0000000000         0.0000000000
        0.2074619267         0.0000000000         0.0044456142
        0.0000000000         0.0000000000        -0.9157962365
        0.0000000000        -0.0237099348         0.0192643227
        0.0000000000         0.6312770170        -0.2000525767
        0.0118549684         0.0000000000         0.0000000000
       -0.1985707025         0.0000000000         0.0000000000
        0.1807882540         0.0000000000        -0.0207461948
        0.0044456142         0.0000000000         0.9143143644
       -0.6090489543         0.0000000000        -0.8906044296
        0.0000000000         0.0266736790        -0.0103730963
        0.0000000000        -0.6297951470         0.1793063840
        0.0000000000         0.6046033380        -0.1704151619
