    4  364
        0.0000000000        0.0000000000        0.0000000000
        0.0000000000       -0.1992555117        0.0000000000
       -0.1929105133        0.0000000000        0.0000000000
        1.9331450812        0.0000000000        0.0000000000
        0.0000000000        0.1856076182        0.0000000000
        0.0000000000        0.0000000000        0.0000000000
       -0.1639491270        0.0000000000        0.0000000000
        0.0000000000        0.0000000000        0.0000000000
        0.1829297642        0.0000000000       -0.0000000000
        0.0000000000        0.0000000000        0.0000000000
        0.0000000000        0.0000000000       -0.1671065854
        0.0000000000        0.0000000000        0.2026876043
        0.0000000000        0.1993973315        0.0000000000
        0.0000000000       -1.9175270375       -0.1996030559
        0.0000000000        0.0000000000        0.0038500036
        0.0000000000       -0.1940806696        0.0000000000
        0.0000000000        0.6421629683        0.0000000000
        0.0000000000        1.9138171100        0.0000000000
        0.0000000000       -0.7245418876        0.0000000000
        0.0015898219        0.0000000000        0.0068239467
        0.0000000000        0.0000000000        0.0000000000
       -0.0007050713       -0.0108292456        0.0000000000
       -0.0007050713        0.0000000000        0.0000000000
        0.0558211975        0.0000000000       -0.0015422742
        0.0000000000        0.0000000000        0.0978765261
        0.0000000000        0.0000000000        0.0000000000
       -0.0008847506        0.0020640826        0.0000000000
       -0.0551161262       -0.0935365402        0.0000000000
       -0.0013543129        0.0000000000       -0.0008080492
        0.0000000000        0.0049903746       -0.0003856881
        0.0027527163        0.0000000000        0.0000000000
        0.0491765689        0.0000000000        0.0075345499
       -0.0079115894        0.0000000000       -0.0555126918
        0.0000000000       -0.0026583310        0.0030401286
        0.0000000000       -0.2240411494       -0.4569063522
       -0.0011415770        0.0000000000        0.0000000000
       -0.0535227057        0.0000000000        0.0000000000
        0.0860943973        0.0000000000       -0.0067265008
        0.0015945809        0.0000000000        0.0479781419
        0.1928348742        0.0000000000       -0.3509876937
       -0.0017160463        0.0000000000       -0.0032434091
        0.0000000000       -0.0071392423       -0.0078090219
        0.0069977188        0.0000000000        0.0000000000
        0.0800495617        0.0000000000        0.0055754527
        0.0065207858        0.0000000000       -0.2375281914
        0.0000000000        0.0004067650        0.0018549637
        0.0000000000       -0.4809851492       -0.5946376112
       -0.0047998482        0.0000000000        0.0000000000
       -0.0884193984        0.0000000000        0.0000000000
        0.0927909988        0.0000000000       -0.0038990443
       -0.0010179920        0.0000000000        0.2391059051
        0.4672223039        0.0000000000       -0.2176112408
        0.0000000000        0.0067324773        0.0078035996
        0.0000000000        0.4744643634        0.6027465007
        0.0000000000       -0.4464482070       -0.6164567976
        0.0000000000       -0.0015898219        0.0000000000
        0.0068239467        0.0000000000        0.0000000000
        0.0000000000        0.0007050713       -0.0108292456
        0.0000000000        0.0007050713        0.0000000000
        0.0000000000       -0.0558211975        0.0000000000
       -0.0015422742        0.0000000000        0.0000000000
        0.0978765261        0.0000000000        0.0000000000
        0.0000000000        0.0000000000        0.0019412163
        0.0000000000        0.0000000000       -0.0027977117
        0.0000000000       -0.0002568263        0.0000000000
        0.0000000000        0.0015934205        0.0000000000
        0.0000000000       -0.0314301146        0.0000000000
       -0.0004818243        0.0000000000        0.0000000000
        0.0013721178        0.0000000000        0.0000000000
        0.0004282477        0.0000000000        0.0000000000
        0.0000000000        0.0008847506        0.0020640826
        0.0000000000        0.0551161262       -0.0935365402
        0.0000000000        0.0300935205       -0.0013185412
        0.0000000000        0.0013543129        0.0000000000
        0.0008080492        0.0000000000        0.0049903746
        0.0003856881       -0.0027527163        0.0000000000
        0.0000000000       -0.0491765689        0.0000000000
       -0.0075345499       -0.0079115894        0.0000000000
        0.0555126918        0.0000000000       -0.0026583310
       -0.0030401286        0.0000000000       -0.2240411494
        0.4569063522        0.0002568263        0.0000000000
        0.0000000000       -0.0015934205        0.0000000000
        0.0000000000       -0.0300935205        0.0000000000
        0.0000000000        0.0013266339        0.0000000000
        0.0000000000        0.0338646061        0.0000000000
        0.3097360525        0.0000000000        0.0015670007
        0.0016364485        0.0000000000       -0.0071531663
        0.0133560803        0.0000000000       -0.0175956200
       -0.0347486337        0.0011415770        0.0000000000
        0.0000000000        0.0535227057        0.0000000000
        0.0000000000        0.0314301146        0.0000000000
        0.0000000000       -0.0860943973        0.0000000000
        0.0067265008        0.0015945809        0.0000000000
       -0.0479781419        0.1928348742        0.0000000000
       -0.3097360525        0.0231817857        0.0000000000
        0.3509876937       -0.0017160463        0.0000000000
       -0.0032434091        0.0000000000        0.0071392423
       -0.0078090219        0.0069977188        0.0000000000
        0.0000000000        0.0800495617        0.0000000000
        0.0055754527       -0.0065207858        0.0000000000
       -0.2375281914        0.0000000000       -0.0004067650
        0.0018549637        0.0000000000        0.4809851492
       -0.5946376112       -0.0004818243        0.0000000000
        0.0000000000        0.0013721178        0.0000000000
        0.0000000000       -0.0013185412        0.0000000000
        0.0015670007       -0.0016364485        0.0000000000
       -0.0071531663       -0.0133560803        0.0000000000
        0.0231817857        0.0000000000        0.0000000000
       -0.0018495414        0.0000000000        0.0000000000
       -0.0099638532        0.0000000000       -0.0197561049
        0.0059066973       -0.0047998482        0.0000000000
        0.0000000000       -0.0884193984        0.0000000000
        0.0000000000        0.0004282477        0.0000000000
        0.0000000000        0.0927909988        0.0000000000
       -0.0038990443        0.0010179920        0.0000000000
        0.2391059051       -0.4672223039        0.0000000000
       -0.0175956200        0.0197561049        0.0000000000
       -0.2176112408        0.0000000000       -0.0067324773
        0.0078035996        0.0000000000       -0.4744643634
        0.6027465007        0.0000000000        0.0347486337
        0.0059066973        0.0000000000        0.4464482070
       -0.6164567976
