    4   24
        0.0142165921        0.0000000000        0.0000000000
       -0.0296766849        0.0000000000        0.0000000000
        0.0077300464        0.0000000000        0.0000000000
        0.0077300464        0.0000000000        0.0000000000
        0.0000000000        0.0192464169        0.0000000000
        0.0000000000       -0.0319073656        0.0000000000
        0.0000000000        0.0063304743       -0.0068306090
        0.0000000000        0.0063304743        0.0068306090
        0.0000000000        0.0000000000        0.6161788158
        0.0000000000        0.0000000000       -0.6137862564
        0.0000000000        0.0001943601       -0.0011962797
        0.0000000000       -0.0001943601       -0.0011962797
       -0.0296766849        0.0000000000        0.0000000000
        0.0619491381        0.0000000000        0.0000000000
       -0.0161362266        0.0000000000        0.0000000000
       -0.0161362266        0.0000000000        0.0000000000
        0.0000000000       -0.0319073656        0.0000000000
        0.0000000000        0.2385543578        0.0000000000
        0.0000000000       -0.1033234961       -0.1420396835
        0.0000000000       -0.1033234961        0.1420396835
        0.0000000000        0.0000000000       -0.6137862564
        0.0000000000        0.0000000000        1.1408227886
        0.0000000000       -0.1435382209       -0.2635182661
        0.0000000000        0.1435382209       -0.2635182661
        0.0077300464        0.0000000000        0.0000000000
       -0.0161362266        0.0000000000        0.0000000000
        0.0042030901        0.0000000000        0.0000000000
        0.0042030901        0.0000000000        0.0000000000
        0.0000000000        0.0063304743        0.0001943601
        0.0000000000       -0.1033234961       -0.1435382209
        0.0000000000        0.1901131314        0.1461070766
        0.0000000000       -0.0931201096       -0.0027632159
        0.0000000000       -0.0068306090       -0.0011962797
        0.0000000000       -0.1420396835       -0.2635182661
        0.0000000000        0.1461070766        0.2614688292
        0.0000000000        0.0027632159        0.0032457166
        0.0077300464        0.0000000000        0.0000000000
       -0.0161362266        0.0000000000        0.0000000000
        0.0042030901        0.0000000000        0.0000000000
        0.0042030901        0.0000000000        0.0000000000
        0.0000000000        0.0063304743       -0.0001943601
        0.0000000000       -0.1033234961        0.1435382209
        0.0000000000       -0.0931201096        0.0027632159
        0.0000000000        0.1901131314       -0.1461070766
        0.0000000000        0.0068306090       -0.0011962797
        0.0000000000        0.1420396835       -0.2635182661
        0.0000000000       -0.0027632159        0.0032457166
        0.0000000000       -0.1461070766        0.2614688292
