    4 1365
        0.1896232956        0.0000000000        0.0644883946
        0.0000000000        0.1912725637        0.0000000000
        0.0000000000        0.0000000000        0.0000000000
       -0.8159518977        0.0000000000       -0.8053715008
        0.0000000000        0.0000000000        5.0269996137
       -0.1671060910        0.0000000000       -0.0608031233
        0.0000000000        0.0000000000        0.0000000000
        0.0000000000        0.8110999801        0.0000000000
        0.0000000000        0.1292332305        0.0000000000
        0.0506281515        0.0000000000        0.0000000000
       -0.8173920985       -0.0542872468        0.0000000000
        0.0000000000        0.1089034642        0.0000000000
       -0.0603559428        0.0000000000       -0.1839766562
        0.0000000000        0.0000000000        0.0000000000
        0.0000000000        0.7995326049        0.0000000000
        0.0000000000        0.0559957474        0.0000000000
       -0.0000000000        0.0000000000        0.0000000000
        0.0000000000       -0.0426272487        0.0000000000
        0.0000000000        0.0518747494        0.0000000000
        0.1703535717        0.0000000000        0.0000000000
       -0.7996633515       -0.0443460306        0.0000000000
        0.0000000000       -0.1531432282        0.0000000000
       -0.1391395479        0.0000000000        0.0000000000
       -0.4352554802        0.0000000000        0.0000000000
        0.0000000000        0.0000000000        0.8149264839
        0.0000000000        0.8101904854        0.0000000000
        0.0000000000       -5.0292341854        0.0000000000
       -0.0000000000        0.0000000000       -0.8188443998
        0.0000000000        0.0000000000        0.0000000000
        0.0000000000        0.8379100319        0.0000000000
        0.0000000000        0.0000000000        0.0000000000
        0.0000000000       -0.8107499807        0.0000000000
        0.0000000000        0.0000000000        0.0000000000
       -0.0000000000        0.0000000000        0.0000000000
        0.8251485726        0.0000000000        0.0000000000
       -0.8202618885        0.0000000000       -0.8200903781
        0.0000000000        0.0000000000        5.0398202892
        0.8272265460        0.0000000000        0.0000000000
       -1.4466276368        0.0000000000        0.8241224867
        0.0000000000        0.0000000000        0.4890740284
        0.0000000000        0.0000000000       -5.0461181922
        0.0000000000        0.0000000000        7.0063869646
       -0.0112586023        0.0000000000       -0.0018426356
        0.0000000000        0.0000000000        0.0020055206
        0.0000000000        0.0024259588        0.0000000000
        0.0000000000        0.0189364303        0.0000000000
        0.0050874859        0.0000000000       -0.0008464134
        0.0031460592       -0.0374729918        0.0000000000
        0.0000000000       -0.0273081087        0.0000000000
        0.0021800977        0.0000000000       -0.0008464134
        0.0000000000        0.0000000000        0.0000000000
       -0.0066842493       -0.0009980062        0.0000000000
       -0.0037643594        0.0000000000        0.0000000000
        0.0987446294        0.0000000000        0.0000000000
       -0.0010399861        0.0000000000        0.0019589580
        0.0000000000        0.0000000000        0.0000000000
        0.0017455102       -0.0095328160        0.0000000000
        0.0017455102        0.0000000000        0.0000000000
        0.2017573099        0.0000000000       -0.0034823288
        0.0000000000        0.0000000000        0.3097005454
        0.0000000000        0.0000000000       -0.0032619653
        0.0000000000       -0.0028828511        0.0000000000
       -0.0011591072       -0.0029079169        0.0096926401
        0.0000000000        0.0000000000        0.0832220441
        0.0000000000        0.0050793050        0.0018444196
        0.0000000000       -0.1003243441        0.0000000000
       -0.0007055242        0.0047478498        0.0000000000
       -0.2035028201       -0.2975276014       -0.0042166455
        0.0000000000        0.0000000000       -0.0977131953
        0.0000000000        0.0000000000        0.1326028079
        0.0000000000       -0.0020662259        0.0000000000
       -0.0036479538       -0.0016791623        0.0000000000
       -0.0007035516        0.0000000000        0.0029194479
       -0.0017688104        0.0000000000        0.0024036880
        0.0000000000        0.0031345681        0.0000000000
        0.0000000000        0.0000000000       -0.0040004514
       -0.0066532855        0.0000000000        0.0042405967
        0.0000000000        0.0068115423        0.0000000000
        0.0065159903        0.0000653733       -0.0058248584
        0.0000000000        0.0000000000        0.0978852384
        0.0000000000       -0.0156070119       -0.0126702498
        0.0000000000        0.2871975140       -0.0020255214
        0.0000000000       -0.0011959351        0.0000000000
        0.0002797476       -0.0010342546        0.0041182376
        0.0000000000        0.0000000000        0.1850484525
        0.0000000000        0.0002189221       -0.0071992959
        0.0000000000       -0.0666352841        0.0000000000
       -0.0020160543        0.0125403323        0.0000000000
       -0.6565982575       -1.1551997771        0.0000000000
       -0.0004985778        0.0000000000       -0.0013072565
        0.0000000000        0.0000000000        0.0000000000
        0.0025326770        0.0026815685        0.0000000000
        0.0025264261        0.0000000000        0.0000000000
       -0.0967641717        0.0000000000       -0.0013991202
        0.0000000000        0.0000000000       -0.1963347551
        0.0000000000        0.0000000000        0.0000000000
       -0.0025026755       -0.0008355556        0.0000000000
        0.0966222059        0.1893829219        0.0000000000
       -0.0079139923        0.0000000000       -0.0023503964
        0.0000000000       -0.0058124387       -0.0064661372
        0.0159100651        0.0000000000        0.0000000000
       -0.1069971679        0.0000000000        0.0045753868
        0.0061542596        0.0000000000       -0.2398395902
        0.0000000000        0.0009770129        0.0070581258
        0.0000000000        0.0664163619        0.5592838235
       -0.0054024849        0.0000000000        0.0000000000
        0.0945432378        0.0000000000        0.0000000000
       -0.2099354665        0.0000000000       -0.0005215449
       -0.0020086274        0.0000000000        0.2214987889
       -0.0145808650        0.0000000000        0.4861113832
        0.0000000000        0.0016361235        0.0000000000
        0.0050755589        0.0005127069        0.0000000000
       -0.0024094923        0.0000000000       -0.0046781564
        0.0011172858        0.0000000000       -0.0000753085
        0.0000000000        0.0038722099        0.0000000000
        0.0000000000        0.0000000000       -0.0002682235
       -0.0102589667        0.0000000000       -0.0028408535
        0.0000000000       -0.0021438814        0.0000000000
        0.0056086879        0.0036086348        0.0031653242
        0.0000000000        0.0000000000        0.1987934933
        0.0000000000       -0.0033067695       -0.0127426105
        0.0000000000       -0.0094481309        0.0026677023
        0.0000000000        0.0049499463        0.0000000000
       -0.0004062456       -0.0052930519       -0.0041910731
        0.0000000000        0.0000000000        0.3043588024
        0.0000000000       -0.0066862530       -0.0026685639
        0.0000000000       -0.6571113005        0.0000000000
        0.0057594070        0.0031489515        0.0000000000
       -1.1901352115       -0.9801343862        0.0000000000
       -0.0012631747        0.0000000000       -0.0044490228
        0.0000000000        0.0000000000        0.0000000000
       -0.0002777824        0.0052544617        0.0000000000
       -0.0006117838        0.0000000000        0.0000000000
       -0.2013590606        0.0000000000        0.0008902553
        0.0000000000        0.0000000000       -0.3021131594
        0.0000000000        0.0000000000        0.0000000000
        0.0010552038       -0.0007244853        0.0000000000
        0.2045092856        0.2982906007        0.0000000000
        0.0024547069        0.0000000000       -0.0005160955
        0.0000000000       -0.0036459370        0.0019362933
       -0.0051714107        0.0000000000        0.0000000000
       -0.1884602184        0.0000000000       -0.0006421308
        0.0021568539        0.0000000000        0.0460302171
        0.0000000000        0.0040415682       -0.0042156341
        0.0000000000        0.6654672946        1.1635176246
        0.0016430771        0.0000000000        0.0000000000
        0.2003396779        0.0000000000        0.0000000000
       -0.1991030004        0.0000000000        0.0046519292
        0.0031604523        0.0000000000       -0.0581572448
       -0.6199129074        0.0000000000        0.0325701915
       -0.0024928468        0.0000000000       -0.0039936784
        0.0000000000        0.0050844020        0.0025387783
       -0.0014553751        0.0000000000        0.0000000000
       -0.2952587318        0.0000000000        0.0071590722
       -0.0009400709        0.0000000000        0.6349459522
        0.0000000000       -0.0053531614        0.0071275313
        0.0000000000        1.1928037754        1.0132053242
        0.0041021055        0.0000000000        0.0000000000
        0.2983252648        0.0000000000        0.0000000000
       -0.2923265784        0.0000000000       -0.0027097726
        0.0024499832        0.0000000000       -0.6532109227
       -1.1903230198        0.0000000000        0.5196818064
        0.0000000000       -0.0038242158       -0.0113395312
        0.0000000000       -1.1721419009       -1.0409345156
        0.0000000000        1.1954838159        1.0776502256
       -0.0112586023        0.0000000000       -0.0018426356
        0.0000000000        0.0000000000       -0.0020055206
        0.0000000000        0.0024259588        0.0000000000
        0.0000000000        0.0189364303        0.0000000000
        0.0050874859        0.0000000000        0.0008464134
        0.0031460592       -0.0374729918        0.0000000000
        0.0000000000       -0.0273081087        0.0000000000
        0.0021800977        0.0000000000        0.0008464134
        0.0000000000        0.0000000000        0.0000000000
       -0.0066842493        0.0009980062        0.0000000000
       -0.0037643594        0.0000000000        0.0000000000
        0.0987446294        0.0000000000        0.0000000000
        0.0010399861        0.0000000000        0.0019589580
        0.0000000000        0.0000000000        0.0000000000
       -0.0017455102       -0.0095328160        0.0000000000
       -0.0017455102        0.0000000000        0.0000000000
       -0.2017573099        0.0000000000       -0.0034823288
        0.0000000000        0.0000000000        0.3097005454
        0.0000000000        0.0000000000       -0.0044158627
        0.0000000000       -0.0003619992        0.0000000000
        0.0000000000       -0.0026641011        0.0088439214
        0.0000000000        0.0000000000       -0.0184409436
        0.0000000000       -0.0005751535        0.0000000000
        0.0000000000        0.0053440741        0.0000000000
        0.0000000000        0.0028260083        0.0000000000
       -0.0000000000       -0.0086906152       -0.0022140294
        0.0000000000        0.0000000000        0.0047985111
        0.0000000000        0.0000000000       -0.0306729671
        0.0000000000        0.0001611157        0.0000000000
       -0.0001481493        0.0000000000        0.0000000000
        0.0000000000       -0.0009359136        0.0008371489
        0.0000000000       -0.0009421644        0.0000000000
        0.0000000000        0.0047037917        0.0000000000
       -0.0006935960        0.0000000000        0.0000000000
        0.0071680650        0.0000000000        0.0000000000
        0.0000000000        0.0004685763       -0.0005387564
        0.0000000000       -0.0023844603        0.0083509535
        0.0000000000       -0.0025935879        0.0000000000
        0.0000000000       -0.0034561350        0.0000000000
        0.0000000000        0.1207947136        0.0000000000
        0.0000000000       -0.0002976402        0.0000000000
        0.0000641060        0.0000000000        0.0000000000
        0.0000000000        0.0006213145        0.0011322951
        0.0000000000        0.0002873131        0.0000000000
        0.0000000000       -0.0005997569        0.0000000000
        0.0006331155        0.0000000000        0.0000000000
        0.0019454300        0.0000000000        0.0000000000
        0.0000000000        0.0004857534       -0.0000809536
        0.0000000000       -0.0025384412        0.0029323034
        0.0000000000        0.0010736267        0.0000000000
        0.0000000000       -0.0067080488        0.0000000000
        0.0000000000       -0.0028797546        0.0000000000
       -0.0001538836        0.0000000000        0.0000000000
       -0.0016111580        0.0000000000        0.0000000000
       -0.0101007919        0.0000000000        0.0000000000
       -0.0032619653        0.0000000000       -0.0028828511
        0.0000000000        0.0011591072       -0.0029079169
        0.0096926401        0.0000000000        0.0000000000
        0.0832220441        0.0000000000        0.0050793050
       -0.0018444196        0.0000000000       -0.1003243441
        0.0000000000        0.0007055242        0.0047478498
        0.0000000000        0.2035028201       -0.2975276014
       -0.0022140294        0.0000000000        0.0000000000
        0.0047985111        0.0000000000        0.0000000000
        0.0280884854        0.0000000000        0.0003062215
       -0.0001502432        0.0000000000       -0.0013771669
       -0.0148254225        0.0000000000       -0.1147449908
        0.0000000000       -0.0008094276       -0.0011154475
        0.0000000000        0.0028508850       -0.0055108490
        0.0000000000        0.0085141768        0.0118658334
       -0.0042166455        0.0000000000        0.0000000000
       -0.0977131953        0.0000000000        0.0000000000
       -0.0306729671        0.0000000000        0.0000000000
        0.1326028079        0.0000000000       -0.0020662259
        0.0000000000       -0.0036479538        0.0016791623
        0.0000000000        0.0007035516        0.0000000000
        0.0029194479        0.0017688104        0.0000000000
        0.0024036880        0.0000000000       -0.0031345681
        0.0000000000        0.0000000000        0.0000000000
       -0.0040004514        0.0066532855        0.0000000000
        0.0042405967        0.0000000000        0.0068115423
        0.0000000000       -0.0065159903        0.0000653733
       -0.0058248584        0.0000000000        0.0000000000
        0.0978852384        0.0000000000       -0.0156070119
        0.0126702498        0.0000000000        0.2871975140
        0.0020255214        0.0000000000        0.0011959351
        0.0000000000        0.0002797476        0.0010342546
       -0.0041182376        0.0000000000        0.0000000000
       -0.1850484525        0.0000000000       -0.0002189221
       -0.0071992959        0.0000000000        0.0666352841
        0.0000000000       -0.0020160543       -0.0125403323
        0.0000000000       -0.6565982575        1.1551997771
        0.0000000000        0.0001611157        0.0000000000
        0.0001481493        0.0000000000        0.0000000000
        0.0000000000       -0.0009359136       -0.0008371489
        0.0000000000       -0.0009421644        0.0000000000
        0.0000000000        0.0047037917        0.0000000000
        0.0006935960        0.0000000000        0.0000000000
       -0.0071680650        0.0000000000        0.0000000000
        0.0000000000        0.0003062215        0.0001502432
        0.0000000000       -0.0013771669        0.0148254225
        0.0000000000        0.0057396215        0.0000000000
       -0.0008131921        0.0000000000       -0.0000000000
        0.0034813160       -0.0124888947        0.0000000000
        0.0000000000        0.0131123808        0.0000000000
        0.0042200829        0.0000000000        0.0000000000
       -0.0317509120        0.0000000000        0.0000000000
       -0.0001385775        0.0000000000        0.0000000000
        0.0993304883        0.0033746366        0.0000000000
        0.0000000000       -0.0003117431        0.0000000000
        0.0000000000        0.1158159361        0.0000000000
       -0.0017034454        0.0016668065        0.0000000000
        0.0137654146       -0.0528125099        0.0000000000
       -0.7070886271       -0.0012499769        0.0000000000
       -0.0024155821        0.0000000000        0.0004467414
       -0.0008667717        0.0020813950        0.0000000000
        0.0000000000       -0.0100650514        0.0000000000
        0.0060927816        0.0049770688        0.0000000000
       -0.0332753168        0.0000000000       -0.0023052616
        0.0072904436        0.0000000000       -0.0016697411
        0.0208581799        0.0002318814        0.0000000000
        0.0000000000        0.0012971651        0.0000000000
        0.0000000000       -0.0064614889        0.0000000000
       -0.0034937030       -0.0016713692        0.0000000000
        0.0127691584       -0.0495959554        0.0000000000
        0.0209351240        0.0000000000       -0.0004556212
       -0.0065943143        0.0000000000        0.0111058982
        0.0028724058        0.0000000000        0.1362388888
       -0.0195176992        0.0000000000       -0.0004985778
        0.0000000000        0.0013072565        0.0000000000
        0.0000000000        0.0000000000        0.0025326770
       -0.0026815685        0.0000000000        0.0025264261
        0.0000000000        0.0000000000       -0.0967641717
        0.0000000000        0.0013991202        0.0000000000
        0.0000000000        0.1963347551        0.0000000000
        0.0000000000        0.0000000000        0.0004685763
        0.0005387564        0.0000000000       -0.0023844603
       -0.0083509535        0.0000000000        0.0033746366
        0.0000000000        0.0000000000       -0.0003117431
        0.0000000000        0.0000000000       -0.1188788296
        0.0000000000       -0.0010632996        0.0000000000
        0.0000000000        0.0066864913        0.0000000000
        0.0000000000        0.0049324424        0.0000000000
        0.0000000000        0.0000000000       -0.0025026755
        0.0008355556        0.0000000000        0.0966222059
       -0.1893829219        0.0000000000        0.1158159361
       -0.0105556341        0.0000000000       -0.0079139923
        0.0000000000       -0.0023503964        0.0000000000
        0.0058124387       -0.0064661372        0.0159100651
        0.0000000000        0.0000000000       -0.1069971679
        0.0000000000        0.0045753868       -0.0061542596
        0.0000000000       -0.2398395902        0.0000000000
       -0.0009770129        0.0070581258        0.0000000000
       -0.0664163619        0.5592838235       -0.0025935879
        0.0000000000        0.0000000000       -0.0034561350
        0.0000000000        0.0000000000       -0.1147449908
        0.0000000000       -0.0017034454       -0.0016668065
        0.0000000000        0.0137654146        0.0528125099
        0.0000000000        0.6950266580        0.0000000000
       -0.0001834965       -0.0037524409        0.0000000000
        0.0144133768        0.0535709581        0.0000000000
       -0.0302105794       -0.1468891658       -0.0054024849
        0.0000000000        0.0000000000        0.0945432378
        0.0000000000        0.0000000000        0.1207947136
        0.0000000000        0.0000000000       -0.2099354665
        0.0000000000       -0.0005215449        0.0020086274
        0.0000000000        0.2214987889        0.0145808650
        0.0000000000       -0.7070886271        0.0159806991
        0.0000000000        0.4861113832        0.0000000000
       -0.0016361235        0.0000000000       -0.0050755589
        0.0005127069        0.0000000000       -0.0024094923
        0.0000000000        0.0046781564        0.0011172858
        0.0000000000        0.0000753085        0.0000000000
        0.0038722099        0.0000000000        0.0000000000
        0.0000000000        0.0002682235       -0.0102589667
        0.0000000000        0.0028408535        0.0000000000
        0.0021438814        0.0000000000        0.0056086879
       -0.0036086348       -0.0031653242        0.0000000000
        0.0000000000       -0.1987934933        0.0000000000
        0.0033067695       -0.0127426105        0.0000000000
        0.0094481309        0.0026677023        0.0000000000
        0.0049499463        0.0000000000        0.0004062456
       -0.0052930519       -0.0041910731        0.0000000000
        0.0000000000        0.3043588024        0.0000000000
       -0.0066862530        0.0026685639        0.0000000000
       -0.6571113005        0.0000000000       -0.0057594070
        0.0031489515        0.0000000000        1.1901352115
       -0.9801343862        0.0000000000        0.0002976402
        0.0000000000        0.0000641060        0.0000000000
        0.0000000000        0.0000000000       -0.0006213145
        0.0011322951        0.0000000000       -0.0002873131
        0.0000000000        0.0000000000        0.0005997569
        0.0000000000        0.0006331155        0.0000000000
        0.0000000000        0.0019454300        0.0000000000
        0.0000000000        0.0000000000        0.0008094276
       -0.0011154475        0.0000000000       -0.0028508850
       -0.0055108490        0.0000000000        0.0012499769
        0.0000000000        0.0024155821        0.0000000000
        0.0004467414        0.0008667717       -0.0020813950
        0.0000000000        0.0000000000        0.0100650514
        0.0000000000       -0.0060927816        0.0049770688
        0.0000000000        0.0332753168        0.0000000000
       -0.0023052616       -0.0072904436        0.0000000000
       -0.0016697411       -0.0208581798        0.0010632996
        0.0000000000        0.0000000000       -0.0066864913
        0.0000000000        0.0000000000        0.0105556341
        0.0000000000        0.0001834965       -0.0037524409
        0.0000000000       -0.0144133768        0.0535709581
        0.0000000000       -0.0159806991       -0.0006875624
        0.0000000000        0.0014532244        0.0000000000
        0.0000000000        0.0016369877        0.0017742383
        0.0000000000        0.0000000000        0.0011588960
        0.0000000000       -0.0060815071       -0.0000000000
        0.0000000000        0.0349079588        0.0000000000
       -0.0000000000       -0.0049834309        0.0000000000
       -0.0000000000       -0.0362198894       -0.0005433380
        0.0000000000        0.0000000000       -0.0014665672
        0.0000000000        0.0000000000       -0.0052395369
        0.0000000000        0.0023141414       -0.0001706424
        0.0000000000       -0.0144132258        0.0310210292
        0.0000000000        0.0970706486        0.0000000000
        0.0040929752        0.0016732216        0.0000000000
       -0.0197218036        0.0206016602        0.0000000000
       -0.0076107792       -0.0253761788        0.0000000000
        0.0012631747        0.0000000000       -0.0044490228
        0.0000000000        0.0000000000        0.0000000000
        0.0002777824        0.0052544617        0.0000000000
        0.0006117838        0.0000000000        0.0000000000
        0.2013590606        0.0000000000        0.0008902553
        0.0000000000        0.0000000000       -0.3021131594
        0.0000000000        0.0000000000        0.0000000000
       -0.0004857534       -0.0000809536        0.0000000000
        0.0025384412        0.0029323034        0.0000000000
       -0.0002318814        0.0000000000        0.0000000000
       -0.0012971651        0.0000000000        0.0000000000
       -0.0049324424        0.0000000000       -0.0005433380
        0.0000000000        0.0000000000       -0.0014665672
        0.0000000000        0.0000000000        0.0072494420
        0.0000000000        0.0000000000        0.0000000000
       -0.0010552038       -0.0007244853        0.0000000000
       -0.2045092856        0.2982906007        0.0000000000
        0.0064614889       -0.0052395369        0.0000000000
       -0.0024547069        0.0000000000        0.0005160955
        0.0000000000       -0.0036459370       -0.0019362933
        0.0051714107        0.0000000000        0.0000000000
        0.1884602184        0.0000000000        0.0006421308
        0.0021568539        0.0000000000       -0.0460302171
        0.0000000000        0.0040415682        0.0042156341
        0.0000000000        0.6654672946       -1.1635176246
       -0.0010736267        0.0000000000        0.0000000000
        0.0067080488        0.0000000000        0.0000000000
       -0.0085141768        0.0000000000        0.0034937030
       -0.0016713692        0.0000000000       -0.0127691584
       -0.0495959554        0.0000000000        0.0302105793
        0.0000000000        0.0023141414        0.0001706424
        0.0000000000       -0.0144132258       -0.0310210292
        0.0000000000       -0.0849715642        0.0232396077
       -0.0016430771        0.0000000000        0.0000000000
       -0.2003396779        0.0000000000        0.0000000000
        0.0028797546        0.0000000000        0.0000000000
        0.1991030004        0.0000000000       -0.0046519292
        0.0031604523        0.0000000000        0.0581572448
       -0.6199129074        0.0000000000       -0.0209351240
        0.0970706486        0.0000000000       -0.0325701915
       -0.0024928468        0.0000000000       -0.0039936784
        0.0000000000       -0.0050844020        0.0025387783
       -0.0014553751        0.0000000000        0.0000000000
       -0.2952587318        0.0000000000        0.0071590722
        0.0009400709        0.0000000000        0.6349459522
        0.0000000000        0.0053531614        0.0071275313
        0.0000000000       -1.1928037754        1.0132053242
       -0.0001538836        0.0000000000        0.0000000000
       -0.0016111580        0.0000000000        0.0000000000
        0.0118658334        0.0000000000       -0.0004556212
        0.0065943143        0.0000000000        0.0111058982
       -0.0028724058        0.0000000000       -0.1468891658
        0.0000000000       -0.0040929752        0.0016732216
        0.0000000000        0.0197218036        0.0206016602
        0.0000000000       -0.0232396077        0.0031012971
        0.0041021055        0.0000000000        0.0000000000
        0.2983252648        0.0000000000        0.0000000000
       -0.0101007919        0.0000000000        0.0000000000
       -0.2923265784        0.0000000000       -0.0027097726
       -0.0024499832        0.0000000000       -0.6532109227
        1.1903230198        0.0000000000        0.1362388888
        0.0076107792        0.0000000000        0.5196818064
        0.0000000000        0.0038242158       -0.0113395312
        0.0000000000        1.1721419009       -1.0409345156
        0.0000000000        0.0195176992       -0.0253761788
        0.0000000000       -1.1954838159        1.0776502256
